ID	Title	Place	Price
1	[3, 60.9, 9]	Советский	6200000
2	[3, 76.0, 21]	Кировский	16900000
3	[1, 49.3, 9]	Октябрьский	7050000
4	[3, 70.3, 2]	Первомайский	6970000
5	[3, 70.0, 1]	Кировский	9600000
6	[3, 71.0, 2]	Ленинский	8900000
7	[3, 64.8, 7]	Советский	10700000
8	[2, 36.0, 8]	Первомайский	2600000
9	[1, 39.0, 22]	Первомайский	7390000
10	[1, 23.0, 4]	Первомайский	2270000
11	[2, 57.2, 10]	Советский	5350000
12	[0, 40.9, 15]	Ворошиловский	5400000
13	[2, 52.0, 8]	Ворошиловский	7690000
14	[2, 57.0, 14]	Кировский	26900000
15	[1, 39.1, 4]	Первомайский	3250000
16	[1, 32.0, 2]	Железнодорожный	2500000
17	[0, 33.0, 6]	Ленинский	7700000
18	[2, 48.8, 4]	Железнодорожный	4600000
19	[2, 63.0, 7]	Кировский	9100000
20	[2, 56.0, 13]	Октябрьский	9500000
21	[2, 72.0, 2]	Советский	8750000
22	[2, 48.0, 2]	Пролетарский	7500000
23	[3, 61.0, 7]	Первомайский	5300000
24	[1, 36.6, 9]	Ворошиловский	5950000
25	[0, 30.0, 12]	Пролетарский	4300000
26	[1, 32.0, 4]	Железнодорожный	4250000
27	[2, 57.6, 2]	Октябрьский	9504000
28	[1, 32.1, 21]	Первомайский	4574250
29	[1, 36.4, 2]	Октябрьский	4370000
30	[1, 32.6, 9]	Советский	4462940
31	[2, 45.6, 4]	Первомайский	3999000
32	[2, 50.1, 5]	Первомайский	6538050
33	[1, 43.0, 16]	Октябрьский	5800000
34	[3, 90.0, 3]	Октябрьский	11000000
35	[1, 40.9, 17]	Первомайский	5460150
36	[1, 32.4, 3]	Советский	4300000
37	[2, 51.0, 17]	Советский	7163000
38	[3, 108.2, 2]	Октябрьский	16900000
39	[1, 32.6, 3]	Советский	4577040
40	[1, 44.0, 7]	Первомайский	5800000
41	[2, 53.0, 3]	Кировский	7500000
42	[1, 33.0, 5]	Советский	3955000
43	[3, 100.0, 3]	Первомайский	7500000
44	[2, 39.1, 2]	Кировский	2934000
45	[2, 54.0, 10]	Октябрьский	5627000
46	[4, 80.0, 19]	Советский	10248000
47	[2, 55.8, 8]	Советский	6896880
48	[2, 44.2, 2]	Ленинский	5499999
49	[1, 42.0, 13]	Железнодорожный	5150000
50	[1, 37.0, 3]	Первомайский	4200000
51	[1, 36.3, 20]	Первомайский	4918650
52	[0, 25.0, 10]	Первомайский	4000000
53	[1, 40.1, 2]	Советский	5658110
54	[2, 61.0, 7]	Пролетарский	8100000
55	[1, 42.9, 3]	Первомайский	5727150
56	[1, 30.0, 3]	Железнодорожный	2900000
57	[3, 90.0, 3]	Октябрьский	11000000
58	[1, 43.0, 18]	Кировский	6370000
59	[1, 22.0, 1]	Железнодорожный	1970000
60	[3, 63.7, 6]	Советский	6822270
61	[1, 39.9, 1]	Ленинский	2000000
62	[3, 70.0, 10]	Октябрьский	8500000
63	[2, 45.0, 2]	Пролетарский	3500000
64	[1, 42.5, 20]	Первомайский	5758750
65	[1, 40.0, 16]	Железнодорожный	5900000
66	[3, 64.0, 1]	Октябрьский	6700000
67	[2, 53.0, 8]	Кировский	7370000
68	[1, 37.0, 20]	Первомайский	8700000
69	[1, 34.7, 5]	Первомайский	4816350
70	[1, 34.0, 8]	Ворошиловский	3350000
71	[0, 25.0, 4]	Пролетарский	3200000
72	[1, 38.9, 21]	Первомайский	5270950
73	[1, 34.7, 5]	Первомайский	4816350
74	[1, 34.0, 8]	Ворошиловский	3350000
75	[1, 54.0, 7]	Кировский	7100000
76	[1, 23.0, 1]	Первомайский	2500000
77	[1, 32.0, 9]	Ворошиловский	3450000
78	[2, 45.0, 5]	Ленинский	5400000
79	[1, 32.1, 11]	Первомайский	4510050
80	[2, 94.0, 3]	Первомайский	10300000
81	[1, 32.2, 2]	Ленинский	4400000
82	[2, 56.3, 14]	Кировский	13130000
83	[0, 30.0, 14]	Октябрьский	5700000
84	[1, 39.1, 2]	Ленинский	4700000
85	[1, 36.7, 8]	Советский	5262780
86	[1, 38.0, 4]	Советский	3600000
87	[1, 45.0, 2]	Пролетарский	3449000
88	[1, 40.0, 5]	Советский	3500000
89	[0, 30.0, 14]	Октябрьский	5700000
90	[0, 22.0, 17]	Кировский	4250000
91	[1, 38.0, 18]	Ворошиловский	3700000
92	[8, 349.0, 2]	Ворошиловский	24990000
93	[2, 73.0, 23]	Кировский	22500000
94	[2, 49.4, 11]	Советский	5023980
95	[2, 36.0, 8]	Первомайский	2600000
96	[2, 51.1, 6]	Октябрьский	6200000
97	[1, 21.5, 4]	Первомайский	2600000
98	[0, 28.6, 14]	Железнодорожный	4200000
99	[2, 44.0, 4]	Советский	3650000
100	[1, 42.0, 6]	Пролетарский	6700000
101	[1, 21.9, 2]	Советский	3550000
102	[1, 42.0, 7]	Советский	4500000
103	[2, 45.0, 1]	Советский	4600000
104	[1, 32.5, 9]	Первомайский	4566250
105	[2, 63.0, 20]	Пролетарский	7999999
106	[1, 42.3, 9]	Кировский	10500000
107	[1, 32.0, 4]	Октябрьский	3599000
108	[1, 36.8, 10]	Первомайский	4912800
109	[1, 36.0, 12]	Советский	4500000
110	[2, 52.0, 6]	Октябрьский	6600000
111	[0, 31.0, 11]	Железнодорожный	3900000
112	[1, 39.5, 5]	Ворошиловский	3700000
113	[1, 40.5, 18]	Ворошиловский	5300000
114	[1, 32.0, 4]	Октябрьский	3200000
115	[1, 22.0, 2]	Первомайский	2600000
116	[2, 54.0, 3]	Ворошиловский	6000000
117	[1, 30.0, 7]	Ворошиловский	3300000
118	[1, 23.0, 5]	Первомайский	2100000
119	[1, 30.2, 5]	Советский	4100000
120	[2, 30.0, 2]	Ворошиловский	4200000
121	[3, 56.0, 3]	Ворошиловский	5399000
122	[3, 54.0, 1]	Советский	5100000
123	[1, 37.0, 9]	Пролетарский	5085000
124	[1, 41.3, 19]	Октябрьский	6100000
125	[0, 28.0, 15]	Кировский	4300000
126	[3, 54.5, 8]	Ворошиловский	4000000
127	[2, 48.5, 9]	Ленинский	6100000
128	[1, 27.1, 1]	Октябрьский	2950000
129	[2, 55.0, 4]	Советский	5690000
130	[1, 43.0, 9]	Октябрьский	3360000
131	[1, 35.0, 3]	Ворошиловский	4200000
132	[1, 40.0, 1]	Октябрьский	4200000
133	[2, 46.5, 3]	Ленинский	5300000
134	[2, 48.5, 9]	Ленинский	6100000
135	[3, 50.0, 2]	Советский	5700000
136	[3, 132.0, 2]	Первомайский	12990000
137	[1, 38.8, 6]	Октябрьский	3200000
138	[1, 30.0, 2]	Советский	2800000
139	[1, 42.0, 6]	Советский	6200000
140	[1, 30.0, 3]	Ворошиловский	3599000
141	[1, 31.3, 5]	Советский	3700000
142	[1, 34.6, 1]	Октябрьский	3500000
143	[2, 42.2, 3]	Пролетарский	4500000
144	[3, 62.0, 6]	Железнодорожный	8190000
145	[3, 54.5, 8]	Ворошиловский	4000000
146	[3, 63.3, 1]	Ворошиловский	6125000
147	[1, 25.0, 5]	Первомайский	2199000
148	[2, 53.0, 13]	Октябрьский	6500000
149	[1, 41.0, 2]	Советский	6800000
150	[2, 46.0, 6]	Октябрьский	5800000
151	[3, 62.5, 5]	Ворошиловский	4800000
152	[0, 25.0, 3]	Советский	3850000
153	[1, 29.0, 6]	Ленинский	5350000
154	[1, 39.0, 7]	Советский	4000000
155	[2, 50.0, 3]	Советский	6000000
156	[1, 42.0, 7]	Ворошиловский	4486000
157	[1, 52.0, 10]	Ленинский	8600000
158	[1, 19.3, 10]	Советский	2670000
159	[1, 43.0, 3]	Первомайский	3200000
160	[1, 42.5, 6]	Железнодорожный	5350000
161	[3, 53.8, 4]	Первомайский	4300000
162	[2, 40.0, 10]	Советский	5500000
163	[1, 24.0, 1]	Пролетарский	1450000
164	[1, 34.0, 15]	Октябрьский	4200000
165	[1, 30.0, 2]	Советский	4099000
166	[1, 44.0, 2]	Советский	4900000
167	[1, 30.0, 2]	Советский	4099000
168	[3, 73.0, 7]	Пролетарский	6900000
169	[1, 44.0, 2]	Советский	4900000
170	[1, 36.6, 9]	Ворошиловский	5950000
171	[1, 35.0, 5]	Ленинский	5699999
172	[2, 56.0, 2]	Пролетарский	5500000
173	[1, 33.0, 4]	Первомайский	3650000
174	[1, 39.6, 9]	Ворошиловский	4550000
175	[1, 38.0, 4]	Советский	6500000
176	[1, 20.2, 2]	Кировский	2600000
177	[0, 28.0, 2]	Ленинский	4300000
178	[1, 32.3, 2]	Пролетарский	3150000
179	[3, 58.0, 8]	Октябрьский	8600000
180	[1, 23.0, 4]	Первомайский	2270000
181	[3, 76.0, 17]	Октябрьский	11500000
182	[2, 64.0, 15]	Кировский	11500000
183	[2, 54.4, 3]	Первомайский	5450000
184	[1, 31.0, 1]	Ворошиловский	3500000
185	[1, 38.9, 4]	Кировский	7500000
186	[1, 30.0, 4]	Ворошиловский	2750000
187	[0, 30.6, 5]	Кировский	5100000
188	[2, 42.0, 20]	Пролетарский	6390000
189	[1, 31.0, 1]	Ворошиловский	3500000
190	[1, 30.0, 4]	Ворошиловский	2750000
191	[0, 30.6, 5]	Кировский	5100000
192	[4, 60.0, 1]	Пролетарский	3300000
193	[2, 42.0, 20]	Пролетарский	6390000
194	[1, 40.0, 10]	Первомайский	5600000
195	[2, 58.0, 9]	Ворошиловский	6350000
196	[1, 30.0, 6]	Октябрьский	2500000
197	[2, 52.0, 3]	Ворошиловский	4950000
198	[1, 55.0, 17]	Ворошиловский	7400000
199	[1, 30.0, 6]	Первомайский	2799000
200	[0, 29.0, 10]	Октябрьский	3300000
201	[0, 27.0, 5]	Октябрьский	3300000
202	[2, 37.6, 3]	Ленинский	5950000
203	[2, 47.0, 4]	Кировский	5050000
204	[1, 42.0, 7]	Железнодорожный	5070000
205	[0, 36.0, 1]	Ленинский	4600000
206	[0, 28.0, 1]	Советский	3300000
207	[2, 53.0, 5]	Ленинский	6700000
208	[1, 31.0, 8]	Первомайский	3900000
209	[2, 51.5, 1]	Пролетарский	4600000
210	[1, 31.0, 3]	Железнодорожный	3300000
211	[0, 36.0, 1]	Ленинский	4600000
212	[0, 28.0, 1]	Советский	3300000
213	[2, 53.0, 5]	Ленинский	6700000
214	[1, 31.0, 8]	Первомайский	3900000
215	[2, 51.5, 1]	Пролетарский	4600000
216	[1, 31.0, 3]	Железнодорожный	3300000
217	[0, 40.9, 15]	Ворошиловский	5400000
218	[3, 60.0, 9]	Октябрьский	5000000
219	[2, 45.3, 5]	Советский	3350000
220	[1, 35.9, 1]	Советский	4550000
221	[1, 38.9, 4]	Кировский	7500000
222	[0, 30.0, 10]	Пролетарский	5100000
223	[2, 42.0, 13]	Октябрьский	5850000
224	[1, 31.2, 1]	Советский	4150000
225	[2, 72.0, 2]	Советский	8750000
226	[2, 47.3, 2]	Железнодорожный	7000000
227	[3, 68.0, 8]	Советский	7100000
228	[3, 85.0, 5]	Пролетарский	11500000
229	[2, 58.0, 3]	Ленинский	7800000
230	[2, 58.0, 3]	Ленинский	7800000
231	[3, 58.5, 3]	Ворошиловский	5900000
232	[2, 36.0, 3]	Ворошиловский	2700000
233	[1, 52.0, 2]	Ворошиловский	5700000
234	[2, 51.2, 5]	Ворошиловский	4577000
235	[1, 40.0, 11]	Ворошиловский	4299000
236	[1, 26.0, 5]	Ворошиловский	2999000
237	[1, 37.0, 2]	Ворошиловский	4800000
238	[2, 60.0, 4]	Советский	6800000
239	[1, 41.0, 9]	Октябрьский	3300000
240	[2, 60.0, 4]	Советский	6700000
241	[0, 26.9, 9]	Советский	4349000
242	[0, 24.5, 5]	Пролетарский	3250000
243	[2, 36.7, 1]	Октябрьский	3000000
244	[1, 30.0, 1]	Пролетарский	2750000
245	[1, 25.0, 4]	Октябрьский	3180000
246	[1, 22.0, 5]	Первомайский	2600000
247	[1, 50.0, 6]	Ленинский	8000000
248	[1, 32.0, 3]	Пролетарский	5900000
249	[3, 54.0, 9]	Октябрьский	8299999
250	[2, None, None]	Первомайский	5500000
251	[1, 38.0, 10]	Октябрьский	4100000
